
0.024393
-0.018547
-0.034969
-0.030432
-0.015607
0.001292
0.011732
0.011184
0.003697
-0.005793
-0.013326
-0.011084
0.007034
0.042274
0.097497
0.174408
0.268450
0.374895
0.489323
0.602359
0.705833
0.796821
0.871593
0.927794
0.968222
0.993467
1.001205
0.992586
0.968154
0.925703
0.867901
0.795249
0.708502
0.610006
0.501275
0.383439
0.259244
0.130987
0.000000
-0.130987
-0.259244
-0.383439
-0.501275
-0.610006
-0.708502
-0.795249
-0.867901
-0.925703
-0.968154
-0.993666
-1.001973
-0.993666
-0.968154
-0.925703
-0.867901
-0.795249
-0.708502
-0.610006
-0.501275
-0.383439
-0.259244
-0.130987
0.000000
0.130987
0.259244
0.383439
0.501275
0.610006
0.708502
0.795249
0.867901
0.925703
0.968154
0.993666
1.001973
0.993666
0.968154
0.925703
0.867901
0.795249
0.708502
0.610006
0.501275
0.383439
0.259244
0.130987
0.000000
-0.130987
-0.259244
-0.383439
-0.501275
-0.610006
-0.708502
-0.795249
-0.867901
-0.925703
-0.968154
-0.993666
-1.001973
-0.993666
-0.968154
-0.925703
-0.867901
-0.795249
-0.708502
-0.610006
-0.501275
-0.383439
-0.259244
-0.130987
0.000000
0.130987
0.259244
0.383439
0.501275
0.610006
0.708502
0.795249
0.867901
0.925703
0.968154
0.993666
1.001973
0.993666
0.968154
0.925703
0.867901
0.795249
0.708502
0.610006
0.501275
0.383439
0.259244
0.130987
0.000000
-0.130987
-0.259244
-0.383439
-0.501275
-0.610006
-0.708502
-0.795249
-0.867901
-0.925703
-0.968154
-0.993666
-1.001973
-0.993666
-0.968154
-0.925703
-0.867901
-0.795249
-0.708502
-0.610006
-0.501275
-0.383439
-0.259244
-0.130987
0.000000
0.130987
0.259244
0.383439
0.501275
0.610006
0.708502
0.795249
0.867901
0.925703
0.968154
0.993666
1.001973
0.993666
0.968154
0.925703
0.867901
0.795249
0.708502
0.610006
0.501275
0.383439
0.259244
0.130987
0.000000
-0.130987
-0.259244
-0.383439
-0.501275
-0.610006
-0.708502
-0.795249
-0.867901
-0.925703
-0.968154
-0.993666
-1.001973
-0.993666
-0.968154
-0.925703
-0.867901
-0.795249
-0.708502
-0.610006
-0.501275
-0.383439
-0.259244
-0.130987
0.000000
0.130987
0.259244
0.383439
0.501275
0.610006
0.708502
0.795249
0.867901
0.925703
0.968154
0.993666
1.001973
0.993666
0.968154
0.925703
0.867901
0.795249
0.708502
0.610006
0.501275
0.383439
0.259244
0.130987
0.000000
-0.130987
-0.259244
-0.383439
-0.501275
-0.610006
-0.708502
-0.795249
-0.867901
-0.925703
-0.968154
-0.993666
-1.001973
-0.993666
-0.968154
-0.925703
-0.867901
-0.795249
-0.708502
-0.610006
-0.501275
-0.383439
-0.259244
-0.130987
0.000000
0.130987
0.259244
0.383439
0.501275
0.610006
0.708502
0.795249
0.867901
0.925703
0.968154
0.993666
1.001973
0.993666
0.968154
0.925703
0.867901
0.795249
0.708502
0.610006
0.501275
0.383439
0.259244
0.130987
0.000000
-0.130987
-0.259244
-0.383439
-0.501275
-0.610006
-0.708502
-0.795249
-0.867901
-0.925703
-0.968154
-0.993666
-1.001973
-0.993666
-0.968154
-0.925703
-0.867901
-0.795249
-0.708502
-0.610006
-0.501275
-0.383439
-0.259244
-0.130987
0.000000
0.130987
0.259244
0.383439
0.501275
0.610006
0.708502
0.795249
0.867901
0.925703
0.968154
0.993666
1.001973
0.993666
0.968154
0.925703
0.867901
0.795249
0.706924
0.607789
0.498137
0.382390
0.265111
0.144029
0.014780
-0.126134
-0.280457
-0.436074
-0.563079
-0.628738
-0.610379
-0.505418
-0.342212
-0.170272
-0.034394
0.039640
0.050898
0.024031
-0.008863
-0.028277
-0.028269
-0.013848
0.001279
0.007476
0.005142
-0.002954
-0.011754